{"autoClear":true,"clearColor":[0,0,0],"ambientColor":[0,0,0],"gravity":[0,-9.81,0],
"materials":[{"name":"avatars.Joan-material","id":"avatars.Joan-material","ambient":[1,1,1],"diffuse":[0.8,0.8,0.8],"specular":[0,0,0],"emissive":[0,0,0],"specularPower":1,"alpha":1,"backFaceCulling":true, "diffuseTexture":{"name":"Joan_texture_image.jpg","level":1,"hasAlpha":1,"coordinatesMode":0,"uOffset":0,"vOffset":0,"uScale":1,"vScale":1,"uAng":0,"vAng":0,"wAng":0,"wrapU":1,"wrapV":1,"coordinatesIndex":0}},{"name":"avatars.Alexis-material","id":"avatars.Alexis-material","ambient":[0.8,0.8,0.8],"diffuse":[0.8,0.8,0.8],"specular":[0.03,0.03,0.03],"emissive":[0,0,0],"specularPower":8,"alpha":1,"backFaceCulling":true, "diffuseTexture":{"name":"Alexis-image.jpg","level":1,"hasAlpha":1,"coordinatesMode":0,"uOffset":0,"vOffset":0,"uScale":1,"vScale":1,"uAng":0,"vAng":0,"wAng":0,"wrapU":1,"wrapV":1,"coordinatesIndex":0}},{"name":"avatars.Vincent-material","id":"avatars.Vincent-material","ambient":[1,1,1],"diffuse":[1,1,1],"specular":[0.05,0.05,0.05],"emissive":[0,0,0],"specularPower":8,"alpha":1,"backFaceCulling":true, "diffuseTexture":{"name":"Vincent_texture_image.jpg","level":1,"hasAlpha":1,"coordinatesMode":0,"uOffset":0,"vOffset":0,"uScale":1,"vScale":1,"uAng":0,"vAng":0,"wAng":0,"wrapU":1,"wrapV":1,"coordinatesIndex":0}}],
"multiMaterials":[],
"skeletons":[{"name":"Armature","id":0,"bones":[
{"name":"hip","index":0,"matrix":[0.254,0.0009,0.0089,0,-0.0025,-0.2364,0.0932,0,-0.0086,0.0933,0.2362,0,0.0022,1.0496,-0.0088,1],"parentBoneIndex":-1,"animation":{"dataType":3,"framePerSecond":15,"keys":[{"frame":1,"values":[0.254,0.0009,0.0089,0,-0.0025,-0.2364,0.0932,0,-0.0086,0.0933,0.2362,0,0.0022,1.0496,-0.0088,1]},{"frame":2,"values":[0.2539,0.0019,0.0101,0,-0.002,-0.2357,0.095,0,-0.0101,0.095,0.2355,0,0.0018,1.0346,-0.0088,1]},{"frame":3,"values":[0.254,0.0024,0.0069,0,-0.0005,-0.2344,0.0983,0,-0.0072,0.0983,0.2343,0,0.0016,1.05,-0.0088,1]},{"frame":4,"values":[0.2541,0.0017,-0.0019,0,0.0023,-0.2334,0.1004,0,0.0011,0.1004,0.2335,0,0.0019,1.0807,-0.0088,1]},{"frame":5,"values":[0.2539,0.0006,-0.0099,0,0.0045,-0.2321,0.1033,0,0.0088,0.1034,0.232,0,0.0016,1.0987,-0.0088,1]},{"frame":6,"values":[0.2538,0,-0.0122,0,0.0048,-0.2333,0.1007,0,0.0112,0.1008,0.233,0,-0.0001,1.0933,-0.0088,1]},{"frame":7,"values":[0.2538,-0.0008,-0.0138,0,0.0046,-0.2338,0.0994,0,0.013,0.0995,0.2335,0,0,1.0677,-0.0088,1]},{"frame":8,"values":[0.2538,-0.0012,-0.0132,0,0.0036,-0.2368,0.0922,0,0.0127,0.0923,0.2365,0,0.0022,1.0496,-0.0088,1]},{"frame":9,"values":[0.2539,-0.0018,-0.0101,0,0.002,-0.2365,0.093,0,0.0101,0.093,0.2363,0,0.0018,1.0346,-0.0088,1]},{"frame":10,"values":[0.254,-0.0024,-0.0069,0,0.0005,-0.2344,0.0983,0,0.0072,0.0983,0.2343,0,0.0016,1.05,-0.0088,1]},{"frame":11,"values":[0.2541,-0.0017,0.0019,0,-0.0023,-0.2339,0.0994,0,-0.0011,0.0994,0.2339,0,0.0019,1.0807,-0.0088,1]},{"frame":12,"values":[0.2539,-0.0008,0.0098,0,-0.0045,-0.2343,0.0984,0,-0.0088,0.0985,0.2341,0,0.0016,1.0987,-0.0088,1]},{"frame":13,"values":[0.2538,-0.0003,0.0122,0,-0.0048,-0.2358,0.0948,0,-0.0112,0.0949,0.2355,0,-0.0001,1.0933,-0.0088,1]},{"frame":14,"values":[0.2538,0.0004,0.0138,0,-0.0046,-0.2367,0.0925,0,-0.013,0.0926,0.2363,0,0,1.0677,-0.0088,1]},{"frame":15,"values":[0.254,0.0009,0.0089,0,-0.0025,-0.2364,0.0932,0,-0.0086,0.0933,0.2362,0,0.0022,1.0496,-0.0088,1]},{"frame":16,"values":[0.2538,0.0004,0.0138,0,-0.0046,-0.2367,0.0925,0,-0.013,0.0926,0.2363,0,0,1.0677,-0.0088,1]},{"frame":17,"values":[0.2538,-0.0003,0.0122,0,-0.0048,-0.2358,0.0948,0,-0.0112,0.0949,0.2355,0,-0.0001,1.0933,-0.0088,1]},{"frame":18,"values":[0.2539,-0.0008,0.0098,0,-0.0045,-0.2343,0.0984,0,-0.0088,0.0985,0.2341,0,0.0016,1.0987,-0.0088,1]},{"frame":19,"values":[0.2541,-0.0017,0.0019,0,-0.0023,-0.2339,0.0994,0,-0.0011,0.0994,0.2339,0,0.0019,1.0807,-0.0088,1]},{"frame":20,"values":[0.254,-0.0024,-0.0069,0,0.0005,-0.2344,0.0983,0,0.0072,0.0983,0.2343,0,0.0016,1.05,-0.0088,1]},{"frame":21,"values":[0.2539,-0.0018,-0.0101,0,0.002,-0.2365,0.093,0,0.0101,0.093,0.2363,0,0.0018,1.0346,-0.0088,1]},{"frame":22,"values":[0.2538,-0.0008,-0.0138,0,0.0046,-0.2338,0.0994,0,0.013,0.0995,0.2335,0,0,1.0677,-0.0088,1]},{"frame":23,"values":[0.2538,0,-0.0122,0,0.0048,-0.2333,0.1007,0,0.0112,0.1008,0.233,0,-0.0001,1.0933,-0.0088,1]},{"frame":24,"values":[0.2539,0.0006,-0.0099,0,0.0045,-0.2321,0.1033,0,0.0088,0.1034,0.232,0,0.0016,1.0987,-0.0088,1]},{"frame":25,"values":[0.2541,0.0017,-0.0019,0,0.0023,-0.2334,0.1004,0,0.0011,0.1004,0.2335,0,0.0019,1.0807,-0.0088,1]},{"frame":26,"values":[0.254,0.0024,0.0069,0,-0.0005,-0.2344,0.0983,0,-0.0072,0.0983,0.2343,0,0.0016,1.05,-0.0088,1]},{"frame":27,"values":[0.2539,0.0019,0.0101,0,-0.002,-0.2357,0.095,0,-0.0101,0.095,0.2355,0,0.0018,1.0346,-0.0088,1]},{"frame":28,"values":[0.254,0.0009,0.0089,0,-0.0025,-0.2364,0.0932,0,-0.0086,0.0933,0.2362,0,0.0022,1.0496,-0.0088,1]},{"frame":29,"values":[0.2538,0.0004,0.0138,0,-0.0046,-0.2367,0.0925,0,-0.013,0.0926,0.2363,0,0,1.0677,-0.0088,1]},{"frame":30,"values":[0.2541,0,0,0,0,-0.2443,0.07,0,0,0.07,0.2443,0,0.0028,1.0777,-0.0096,1]},{"frame":32,"values":[0.254,-0.0078,-0.0003,0,-0.0072,-0.238,0.0889,0,0.003,0.0888,0.2381,0,0.0028,1.0643,-0.0153,1]},{"frame":33,"values":[0.2537,-0.0156,0,0,-0.0142,-0.2299,0.1073,0,0.0066,0.1071,0.2304,0,0.0029,1.051,-0.021,1]},{"frame":34,"values":[0.2524,-0.0293,-0.005,0,-0.0241,-0.2267,0.1123,0,0.0174,0.1111,0.2279,0,0.0027,1.0377,-0.021,1]},{"frame":35,"values":[0.2531,-0.0202,-0.0116,0,-0.0118,-0.2203,0.1262,0,0.0201,0.1251,0.2203,0,0.0027,1.0476,-0.021,1]},{"frame":36,"values":[0.2522,-0.007,-0.0307,0,0.0096,-0.2185,0.1294,0,0.0299,0.1296,0.2166,0,0.0027,1.0874,-0.021,1]},{"frame":37,"values":[0.2491,0.0008,-0.0502,0,0.0261,-0.2191,0.1261,0,0.0428,0.1287,0.2149,0,0.0027,1.121,-0.021,1]},{"frame":38,"values":[0.2486,0.0017,-0.0525,0,0.0278,-0.22,0.1242,0,0.0446,0.1273,0.2154,0,0.0027,1.1154,-0.021,1]},{"frame":39,"values":[0.2502,0.0015,-0.0445,0,0.0235,-0.2202,0.1246,0,0.0378,0.1268,0.217,0,0.0027,1.0928,-0.021,1]},{"frame":40,"values":[0.2519,0.004,-0.0337,0,0.0204,-0.2195,0.1264,0,0.0271,0.128,0.2179,0,0.0027,1.0626,-0.021,1]},{"frame":41,"values":[0.2523,0.0268,-0.0147,0,0.0306,-0.2188,0.1256,0,-0.0006,0.1264,0.2205,0,0.0027,1.0492,-0.021,1]},{"frame":42,"values":[0.2509,0.0324,0.024,0,0.0184,-0.2268,0.1132,0,-0.0358,0.11,0.2263,0,0.0027,1.0428,-0.021,1]},{"frame":43,"values":[0.2508,0.0122,0.0392,0,-0.0077,-0.2245,0.1189,0,-0.0403,0.1185,0.2212,0,0.0027,1.068,-0.021,1]},{"frame":44,"values":[0.2507,0.0041,0.0413,0,-0.0169,-0.2209,0.1245,0,-0.0379,0.1256,0.2177,0,0.0027,1.1063,-0.021,1]},{"frame":45,"values":[0.2485,-0.0014,0.0531,0,-0.0285,-0.2177,0.1279,0,-0.0448,0.1311,0.2131,0,0.0027,1.1304,-0.021,1]},{"frame":46,"values":[0.2512,0.0036,0.0384,0,-0.0157,-0.2217,0.1232,0,-0.0353,0.1241,0.2189,0,0.0027,1.1091,-0.021,1]},{"frame":47,"values":[0.2512,0.0036,0.0384,0,-0.0157,-0.2217,0.1232,0,-0.0353,0.1241,0.2189,0,0.0027,1.1091,-0.021,1]}],"loopBehavior":1,"name":"anim","property":"_matrix"}},
{"name":"rThigh","index":1,"matrix":[-0.1205,0.8088,0.5756,0,-0.0364,0.5758,-0.8168,0,-0.992,-0.1194,-0.0399,0,-0.297,0.6515,0.0005,1],"parentBoneIndex":0,"animation":{"dataType":3,"framePerSecond":15,"keys":[{"frame":1,"values":[-0.1205,0.8088,0.5756,0,-0.0364,0.5758,-0.8168,0,-0.992,-0.1194,-0.0399,0,-0.297,0.6515,0.0005,1]},{"frame":2,"values":[-0.1261,0.7465,0.6534,0,-0.0362,0.6547,-0.755,0,-0.9914,-0.1189,-0.0556,0,-0.297,0.6515,0.0005,1]},{"frame":3,"values":[-0.122,0.7638,0.6338,0,-0.0349,0.6348,-0.7719,0,-0.9919,-0.1163,-0.0508,0,-0.297,0.6515,0.0005,1]},{"frame":4,"values":[-0.1094,0.6478,0.7539,0,-0.0309,0.7559,-0.654,0,-0.9935,-0.0948,-0.0627,0,-0.297,0.6515,0.0005,1]},{"frame":5,"values":[-0.0981,0.4503,0.8875,0,-0.0317,0.8899,-0.4551,0,-0.9947,-0.0728,-0.073,0,-0.297,0.6515,0.0005,1]},{"frame":6,"values":[-0.0774,0.3829,0.9205,0,-0.0356,0.9217,-0.3863,0,-0.9964,-0.0626,-0.0578,0,-0.297,0.6515,0.0005,1]},{"frame":7,"values":[-0.08,0.2237,0.9714,0,-0.0485,0.9725,-0.2279,0,-0.9956,-0.0653,-0.067,0,-0.297,0.6515,0.0005,1]},{"frame":8,"values":[-0.1334,-0.0188,0.9909,0,-0.0471,0.9988,0.0127,0,-0.9899,-0.045,-0.1341,0,-0.297,0.6515,0.0005,1]},{"frame":9,"values":[-0.1185,-0.2279,0.9664,0,-0.0148,0.9736,0.2278,0,-0.9928,0.0126,-0.1188,0,-0.297,0.6515,0.0005,1]},{"frame":10,"values":[-0.1218,0.3409,0.9322,0,-0.0473,0.9361,-0.3485,0,-0.9914,-0.0866,-0.0979,0,-0.297,0.6515,0.0005,1]},{"frame":11,"values":[-0.1534,0.6919,0.7055,0,-0.0473,0.708,-0.7046,0,-0.987,-0.1414,-0.0759,0,-0.297,0.6515,0.0005,1]},{"frame":12,"values":[-0.176,0.8169,0.5493,0,-0.0375,0.552,-0.833,0,-0.9837,-0.1672,-0.0666,0,-0.297,0.6515,0.0005,1]},{"frame":13,"values":[-0.1713,0.8301,0.5307,0,-0.0173,0.536,-0.844,0,-0.9851,-0.1538,-0.0774,0,-0.297,0.6515,0.0005,1]},{"frame":14,"values":[-0.1689,0.763,0.6239,0,-0.0197,0.6303,-0.7761,0,-0.9854,-0.1434,-0.0914,0,-0.297,0.6515,0.0005,1]},{"frame":15,"values":[-0.1205,0.8088,0.5756,0,-0.0364,0.5758,-0.8168,0,-0.992,-0.1194,-0.0399,0,-0.297,0.6515,0.0005,1]},{"frame":16,"values":[-0.1689,0.763,0.6239,0,-0.0197,0.6303,-0.7761,0,-0.9854,-0.1434,-0.0914,0,-0.297,0.6515,0.0005,1]},{"frame":17,"values":[-0.1713,0.8301,0.5307,0,-0.0173,0.536,-0.844,0,-0.9851,-0.1538,-0.0774,0,-0.297,0.6515,0.0005,1]},{"frame":18,"values":[-0.176,0.8169,0.5493,0,-0.0375,0.552,-0.833,0,-0.9837,-0.1672,-0.0666,0,-0.297,0.6515,0.0005,1]},{"frame":19,"values":[-0.1534,0.6919,0.7055,0,-0.0473,0.708,-0.7046,0,-0.987,-0.1414,-0.0759,0,-0.297,0.6515,0.0005,1]},{"frame":20,"values":[-0.1218,0.3409,0.9322,0,-0.0473,0.9361,-0.3485,0,-0.9914,-0.0866,-0.0979,0,-0.297,0.6515,0.0005,1]},{"frame":21,"values":[-0.1185,-0.2279,0.9664,0,-0.0148,0.9736,0.2278,0,-0.9928,0.0126,-0.1188,0,-0.297,0.6515,0.0005,1]},{"frame":22,"values":[-0.08,0.2237,0.9714,0,-0.0485,0.9725,-0.2279,0,-0.9956,-0.0653,-0.067,0,-0.297,0.6515,0.0005,1]},{"frame":23,"values":[-0.0774,0.3829,0.9205,0,-0.0356,0.9217,-0.3863,0,-0.9964,-0.0626,-0.0578,0,-0.297,0.6515,0.0005,1]},{"frame":24,"values":[-0.0981,0.4503,0.8875,0,-0.0317,0.8899,-0.4551,0,-0.9947,-0.0728,-0.073,0,-0.297,0.6515,0.0005,1]},{"frame":25,"values":[-0.1094,0.6478,0.7539,0,-0.0309,0.7559,-0.654,0,-0.9935,-0.0948,-0.0627,0,-0.297,0.6515,0.0005,1]},{"frame":26,"values":[-0.122,0.7638,0.6338,0,-0.0349,0.6348,-0.7719,0,-0.9919,-0.1163,-0.0508,0,-0.297,0.6515,0.0005,1]},{"frame":27,"values":[-0.1261,0.7465,0.6534,0,-0.0362,0.6547,-0.755,0,-0.9914,-0.1189,-0.0556,0,-0.297,0.6515,0.0005,1]},{"frame":28,"values":[-0.1205,0.8088,0.5756,0,-0.0364,0.5758,-0.8168,0,-0.992,-0.1194,-0.0399,0,-0.297,0.6515,0.0005,1]},{"frame":29,"values":[-0.1689,0.763,0.6239,0,-0.0197,0.6303,-0.7761,0,-0.9854,-0.1434,-0.0914,0,-0.297,0.6515,0.0005,1]},{"frame":30,"values":[-0.1705,0.4332,0.8851,0,-0.1089,0.8844,-0.4538,0,-0.9793,-0.1737,-0.1036,0,-0.297,0.6515,0.0005,1]},{"frame":32,"values":[-0.1139,0.6079,0.7858,0,-0.003,0.7908,-0.6121,0,-0.9935,-0.0721,-0.0883,0,-0.297,0.6515,0.0005,1]},{"frame":33,"values":[-0.0371,0.753,0.657,0,0.0904,0.6573,-0.7482,0,-0.9952,0.0316,-0.0924,0,-0.297,0.6515,0.0005,1]},{"frame":34,"values":[-0.0772,0.7391,0.6691,0,0.1628,0.6715,-0.7229,0,-0.9836,0.0531,-0.1722,0,-0.297,0.6515,0.0005,1]},{"frame":35,"values":[-0.117,0.5775,0.8079,0,0.1073,0.8161,-0.5678,0,-0.9873,0.0202,-0.1575,0,-0.297,0.6515,0.0005,1]},{"frame":36,"values":[-0.1581,0.26,0.9526,0,0.0262,0.9655,-0.2591,0,-0.9871,-0.016,-0.1595,0,-0.297,0.6515,0.0005,1]},{"frame":37,"values":[-0.2423,0.0125,0.9701,0,-0.085,0.9958,-0.0341,0,-0.9665,-0.0908,-0.2402,0,-0.297,0.6515,0.0005,1]},{"frame":38,"values":[-0.2779,0.0968,0.9557,0,-0.0681,0.9904,-0.1201,0,-0.9582,-0.0985,-0.2687,0,-0.297,0.6515,0.0005,1]},{"frame":39,"values":[-0.2265,0.1989,0.9535,0,-0.0651,0.9737,-0.2186,0,-0.9718,-0.1115,-0.2076,0,-0.297,0.6515,0.0005,1]},{"frame":40,"values":[-0.2213,0.3148,0.923,0,-0.0566,0.9407,-0.3344,0,-0.9736,-0.1263,-0.1903,0,-0.297,0.6515,0.0005,1]},{"frame":41,"values":[-0.1862,0.5749,0.7967,0,-0.1094,0.7937,-0.5983,0,-0.9764,-0.1986,-0.0849,0,-0.297,0.6515,0.0005,1]},{"frame":42,"values":[-0.1198,0.7377,0.6644,0,-0.1875,0.6404,-0.7448,0,-0.9749,-0.2137,0.0616,0,-0.297,0.6515,0.0005,1]},{"frame":43,"values":[-0.1614,0.9092,0.3839,0,-0.1027,0.3714,-0.9228,0,-0.9815,-0.1884,0.0334,0,-0.297,0.6515,0.0005,1]},{"frame":44,"values":[-0.1198,0.9745,0.1898,0,-0.0571,0.1841,-0.9812,0,-0.9912,-0.1284,0.0335,0,-0.297,0.6515,0.0005,1]},{"frame":45,"values":[-0.0449,0.9886,0.144,0,-0.0825,0.14,-0.9867,0,-0.9956,-0.0562,0.0753,0,-0.297,0.6515,0.0005,1]},{"frame":46,"values":[-0.0447,0.9167,0.397,0,-0.0516,0.3948,-0.9173,0,-0.9977,-0.0615,0.0297,0,-0.297,0.6515,0.0005,1]},{"frame":47,"values":[-0.0447,0.9167,0.397,0,-0.0516,0.3948,-0.9173,0,-0.9977,-0.0615,0.0297,0,-0.297,0.6515,0.0005,1]}],"loopBehavior":1,"name":"anim","property":"_matrix"}},
{"name":"rShin","index":2,"matrix":[-0.6392,0.0527,0.7672,0,0.02,0.9985,-0.0519,0,-0.7688,-0.0179,-0.6393,0,0,1.8618,0,1],"parentBoneIndex":1,"animation":{"dataType":3,"framePerSecond":15,"keys":[{"frame":1,"values":[-0.6392,0.0527,0.7672,0,0.02,0.9985,-0.0519,0,-0.7688,-0.0179,-0.6393,0,0,1.8618,0,1]},{"frame":2,"values":[-0.6485,0.0793,0.757,0,0.053,0.9969,-0.059,0,-0.7593,0.0019,-0.6507,0,0,1.8618,0,1]},{"frame":3,"values":[-0.5787,0.3682,0.7277,0,0.4289,0.8963,-0.1124,0,-0.6937,0.247,-0.6766,0,0,1.8618,0,1]},{"frame":4,"values":[-0.6005,0.335,0.7261,0,0.386,0.9167,-0.1038,0,-0.7003,0.2179,-0.6798,0,0,1.8618,0,1]},{"frame":5,"values":[-0.6564,0.113,0.7459,0,0.1045,0.9928,-0.0585,0,-0.7472,0.0395,-0.6635,0,0,1.8618,0,1]},{"frame":6,"values":[-0.6276,0.2793,0.7267,0,0.3254,0.9421,-0.0811,0,-0.7072,0.1856,-0.6822,0,0,1.8618,0,1]},{"frame":7,"values":[-0.6081,0.3324,0.7209,0,0.39,0.9161,-0.0934,0,-0.6914,0.2244,-0.6867,0,0,1.8618,0,1]},{"frame":8,"values":[-0.6027,0.3479,0.7181,0,0.3342,0.9273,-0.1688,0,-0.7246,0.1382,-0.6752,0,0,1.8618,0,1]},{"frame":9,"values":[-0.6342,0.136,0.7611,0,0.1109,0.9902,-0.0845,0,-0.7652,0.0308,-0.643,0,0,1.8618,0,1]},{"frame":10,"values":[-0.2473,0.7076,0.6619,0,0.8244,0.5127,-0.24,0,-0.5092,0.4863,-0.7101,0,0,1.8618,0,1]},{"frame":11,"values":[-0.004,0.78,0.6258,0,0.9502,0.198,-0.2407,0,-0.3116,0.5937,-0.7419,0,0,1.8618,0,1]},{"frame":12,"values":[-0.1569,0.7323,0.6627,0,0.8941,0.3902,-0.2196,0,-0.4194,0.5581,-0.716,0,0,1.8618,0,1]},{"frame":13,"values":[-0.4606,0.5253,0.7155,0,0.6525,0.7468,-0.1282,0,-0.6017,0.4079,-0.6867,0,0,1.8618,0,1]},{"frame":14,"values":[-0.6576,0.0637,0.7507,0,0.0359,0.9979,-0.0532,0,-0.7525,-0.008,-0.6585,0,0,1.8618,0,1]},{"frame":15,"values":[-0.6392,0.0527,0.7672,0,0.02,0.9985,-0.0519,0,-0.7688,-0.0179,-0.6393,0,0,1.8618,0,1]},{"frame":16,"values":[-0.6576,0.0637,0.7507,0,0.0359,0.9979,-0.0532,0,-0.7525,-0.008,-0.6585,0,0,1.8618,0,1]},{"frame":17,"values":[-0.4606,0.5253,0.7155,0,0.6525,0.7468,-0.1282,0,-0.6017,0.4079,-0.6867,0,0,1.8618,0,1]},{"frame":18,"values":[-0.1569,0.7323,0.6627,0,0.8941,0.3902,-0.2196,0,-0.4194,0.5581,-0.716,0,0,1.8618,0,1]},{"frame":19,"values":[-0.004,0.78,0.6258,0,0.9502,0.198,-0.2407,0,-0.3116,0.5937,-0.7419,0,0,1.8618,0,1]},{"frame":20,"values":[-0.2473,0.7076,0.6619,0,0.8244,0.5127,-0.24,0,-0.5092,0.4863,-0.7101,0,0,1.8618,0,1]},{"frame":21,"values":[-0.6342,0.136,0.7611,0,0.1109,0.9902,-0.0845,0,-0.7652,0.0308,-0.643,0,0,1.8618,0,1]},{"frame":22,"values":[-0.6081,0.3324,0.7209,0,0.39,0.9161,-0.0934,0,-0.6914,0.2244,-0.6867,0,0,1.8618,0,1]},{"frame":23,"values":[-0.6276,0.2793,0.7267,0,0.3254,0.9421,-0.0811,0,-0.7072,0.1856,-0.6822,0,0,1.8618,0,1]},{"frame":24,"values":[-0.6564,0.113,0.7459,0,0.1045,0.9928,-0.0585,0,-0.7472,0.0395,-0.6635,0,0,1.8618,0,1]},{"frame":25,"values":[-0.6005,0.335,0.7261,0,0.386,0.9167,-0.1038,0,-0.7003,0.2179,-0.6798,0,0,1.8618,0,1]},{"frame":26,"values":[-0.5787,0.3682,0.7277,0,0.4289,0.8963,-0.1124,0,-0.6937,0.247,-0.6766,0,0,1.8618,0,1]},{"frame":27,"values":[-0.6485,0.0793,0.757,0,0.053,0.9969,-0.059,0,-0.7593,0.0019,-0.6507,0,0,1.8618,0,1]},{"frame":28,"values":[-0.6392,0.0527,0.7672,0,0.02,0.9985,-0.0519,0,-0.7688,-0.0179,-0.6393,0,0,1.8618,0,1]},{"frame":29,"values":[-0.6576,0.0637,0.7507,0,0.0359,0.9979,-0.0532,0,-0.7525,-0.008,-0.6585,0,0,1.8618,0,1]},{"frame":30,"values":[-0.6143,0.3192,0.7216,0,0.3301,0.9346,-0.1325,0,-0.7167,0.1568,-0.6795,0,0,1.8618,0,1]},{"frame":32,"values":[-0.6113,0.2571,0.7485,0,0.2876,0.9533,-0.0926,0,-0.7373,0.1587,-0.6566,0,0,1.8618,0,1]},{"frame":33,"values":[-0.6051,0.1939,0.7722,0,0.2453,0.9681,-0.0509,0,-0.7575,0.1586,-0.6333,0,0,1.8618,0,1]},{"frame":34,"values":[-0.4956,0.4633,0.7346,0,0.6298,0.7742,-0.0634,0,-0.5981,0.4312,-0.6755,0,0,1.8618,0,1]},{"frame":35,"values":[-0.4776,0.4914,0.7283,0,0.6486,0.7563,-0.0849,0,-0.5926,0.4318,-0.68,0,0,1.8618,0,1]},{"frame":36,"values":[-0.6471,0.2579,0.7174,0,0.3466,0.9377,-0.0245,0,-0.6791,0.2328,-0.6962,0,0,1.8618,0,1]},{"frame":37,"values":[-0.6027,0.319,0.7314,0,0.3615,0.9263,-0.1061,0,-0.7114,0.2005,-0.6736,0,0,1.8618,0,1]},{"frame":38,"values":[-0.4487,0.5413,0.7111,0,0.6553,0.7403,-0.15,0,-0.6077,0.3987,-0.6869,0,0,1.8618,0,1]},{"frame":39,"values":[-0.1518,0.7321,0.6641,0,0.9109,0.3644,-0.1936,0,-0.3837,0.5756,-0.7221,0,0,1.8618,0,1]},{"frame":40,"values":[0.0508,0.7688,0.6375,0,0.9622,0.1332,-0.2374,0,-0.2674,0.6255,-0.733,0,0,1.8618,0,1]},{"frame":41,"values":[0.3812,0.7131,0.5884,0,0.9239,-0.316,-0.2156,0,0.0322,0.6258,-0.7793,0,0,1.8618,0,1]},{"frame":42,"values":[0.4394,0.6912,0.5738,0,0.8959,-0.3836,-0.224,0,0.0653,0.6125,-0.7878,0,0,1.8618,0,1]},{"frame":43,"values":[0.3873,0.7332,0.559,0,0.9219,-0.3139,-0.2269,0,0.0091,0.6032,-0.7975,0,0,1.8618,0,1]},{"frame":44,"values":[0.1911,0.7506,0.6325,0,0.9764,-0.079,-0.2012,0,-0.101,0.656,-0.7479,0,0,1.8618,0,1]},{"frame":45,"values":[-0.2648,0.5992,0.7555,0,0.8246,0.5468,-0.1447,0,-0.4998,0.5847,-0.639,0,0,1.8618,0,1]},{"frame":46,"values":[-0.5116,0.2486,0.8225,0,0.3341,0.9395,-0.0761,0,-0.7916,0.2358,-0.5637,0,0,1.8618,0,1]},{"frame":47,"values":[-0.5116,0.2486,0.8225,0,0.3341,0.9395,-0.0761,0,-0.7916,0.2358,-0.5637,0,0,1.8618,0,1]}],"loopBehavior":1,"name":"anim","property":"_matrix"}},
{"name":"rFoot","index":3,"matrix":[-0.6942,0.093,0.7137,0,0.6921,0.3586,0.6264,0,-0.1977,0.9288,-0.3133,0,0,1.6944,0,1],"parentBoneIndex":2,"animation":{"dataType":3,"framePerSecond":15,"keys":[{"frame":1,"values":[-0.6942,0.093,0.7137,0,0.6921,0.3586,0.6264,0,-0.1977,0.9288,-0.3133,0,0,1.6944,0,1]},{"frame":2,"values":[-0.7191,0.1643,0.6752,0,0.6752,0.395,0.6229,0,-0.1644,0.9039,-0.395,0,0,1.6944,0,1]},{"frame":3,"values":[-0.6882,0.203,0.6965,0,0.7036,-0.047,0.709,0,0.1767,0.978,-0.1105,0,0,1.6944,0,1]},{"frame":4,"values":[-0.6881,0.2155,0.6929,0,0.6731,-0.1673,0.7204,0,0.2711,0.9621,-0.0299,0,0,1.6944,0,1]},{"frame":5,"values":[-0.7214,0.2068,0.6609,0,0.6521,-0.1183,0.7488,0,0.2331,0.9712,-0.0495,0,0,1.6944,0,1]},{"frame":6,"values":[-0.7356,0.1811,0.6528,0,0.613,-0.2323,0.7552,0,0.2884,0.9556,0.0599,0,0,1.6944,0,1]},{"frame":7,"values":[-0.7468,0.1411,0.6499,0,0.6168,-0.2185,0.7562,0,0.2487,0.9656,0.0762,0,0,1.6944,0,1]},{"frame":8,"values":[-0.7262,0.1154,0.6777,0,0.6858,0.0524,0.7259,0,0.0483,0.9919,-0.1172,0,0,1.6944,0,1]},{"frame":9,"values":[-0.6994,0.0422,0.7134,0,0.6837,0.3303,0.6507,0,-0.2082,0.9429,-0.2599,0,0,1.6944,0,1]},{"frame":10,"values":[-0.6595,0.0421,0.7505,0,0.7485,0.1288,0.6505,0,-0.0693,0.9908,-0.1164,0,0,1.6944,0,1]},{"frame":11,"values":[-0.6059,0.0585,0.7934,0,0.7952,0.0757,0.6017,0,-0.0249,0.9954,-0.0924,0,0,1.6944,0,1]},{"frame":12,"values":[-0.6701,0.1047,0.7349,0,0.7421,0.1155,0.6602,0,-0.0158,0.9878,-0.1551,0,0,1.6944,0,1]},{"frame":13,"values":[-0.717,0.0976,0.6902,0,0.6957,0.0382,0.7174,0,0.0437,0.9945,-0.0953,0,0,1.6944,0,1]},{"frame":14,"values":[-0.7158,0.1071,0.6901,0,0.6983,0.1145,0.7066,0,-0.0033,0.9876,-0.1568,0,0,1.6944,0,1]},{"frame":15,"values":[-0.6942,0.093,0.7137,0,0.6921,0.3586,0.6264,0,-0.1977,0.9288,-0.3133,0,0,1.6944,0,1]},{"frame":16,"values":[-0.7158,0.1071,0.6901,0,0.6983,0.1145,0.7066,0,-0.0033,0.9876,-0.1568,0,0,1.6944,0,1]},{"frame":17,"values":[-0.717,0.0976,0.6902,0,0.6957,0.0382,0.7174,0,0.0437,0.9945,-0.0953,0,0,1.6944,0,1]},{"frame":18,"values":[-0.6701,0.1047,0.7349,0,0.7421,0.1155,0.6602,0,-0.0158,0.9878,-0.1551,0,0,1.6944,0,1]},{"frame":19,"values":[-0.6059,0.0585,0.7934,0,0.7952,0.0757,0.6017,0,-0.0249,0.9954,-0.0924,0,0,1.6944,0,1]},{"frame":20,"values":[-0.6595,0.0421,0.7505,0,0.7485,0.1288,0.6505,0,-0.0693,0.9908,-0.1164,0,0,1.6944,0,1]},{"frame":21,"values":[-0.6994,0.0422,0.7134,0,0.6837,0.3303,0.6507,0,-0.2082,0.9429,-0.2599,0,0,1.6944,0,1]},{"frame":22,"values":[-0.7468,0.1411,0.6499,0,0.6168,-0.2185,0.7562,0,0.2487,0.9656,0.0762,0,0,1.6944,0,1]},{"frame":23,"values":[-0.7356,0.1811,0.6528,0,0.613,-0.2323,0.7552,0,0.2884,0.9556,0.0599,0,0,1.6944,0,1]},{"frame":24,"values":[-0.7214,0.2068,0.6609,0,0.6521,-0.1183,0.7488,0,0.2331,0.9712,-0.0495,0,0,1.6944,0,1]},{"frame":25,"values":[-0.6881,0.2155,0.6929,0,0.6731,-0.1673,0.7204,0,0.2711,0.9621,-0.0299,0,0,1.6944,0,1]},{"frame":26,"values":[-0.6882,0.203,0.6965,0,0.7036,-0.047,0.709,0,0.1767,0.978,-0.1105,0,0,1.6944,0,1]},{"frame":27,"values":[-0.7191,0.1643,0.6752,0,0.6752,0.395,0.6229,0,-0.1644,0.9039,-0.395,0,0,1.6944,0,1]},{"frame":28,"values":[-0.6942,0.093,0.7137,0,0.6921,0.3586,0.6264,0,-0.1977,0.9288,-0.3133,0,0,1.6944,0,1]},{"frame":29,"values":[-0.7158,0.1071,0.6901,0,0.6983,0.1145,0.7066,0,-0.0033,0.9876,-0.1568,0,0,1.6944,0,1]},{"frame":30,"values":[-0.7119,0.062,0.6996,0,0.6827,-0.1729,0.71,0,0.165,0.983,0.0808,0,0,1.6944,0,1]},{"frame":32,"values":[-0.7334,0.0525,0.6777,0,0.6759,-0.0502,0.7353,0,0.0726,0.9974,0.0013,0,0,1.6944,0,1]},{"frame":33,"values":[-0.7534,0.0393,0.6564,0,0.6573,0.073,0.7501,0,-0.0184,0.9966,-0.0809,0,0,1.6944,0,1]},{"frame":34,"values":[-0.7141,0.1538,0.683,0,0.6254,-0.2983,0.7211,0,0.3146,0.942,0.1168,0,0,1.6944,0,1]},{"frame":35,"values":[-0.7359,0.0982,0.6699,0,0.6186,-0.3045,0.7243,0,0.2751,0.9474,0.1634,0,0,1.6944,0,1]},{"frame":36,"values":[-0.7687,0.1537,0.6209,0,0.6395,0.1647,0.7509,0,0.0132,0.9743,-0.2249,0,0,1.6944,0,1]},{"frame":37,"values":[-0.6901,0.1577,0.7063,0,0.7236,0.1658,0.67,0,-0.0114,0.9735,-0.2285,0,0,1.6944,0,1]},{"frame":38,"values":[-0.7299,0.1216,0.6726,0,0.6285,0.5063,0.5904,0,-0.2688,0.8537,-0.446,0,0,1.6944,0,1]},{"frame":39,"values":[-0.7137,0.1256,0.6892,0,0.6949,0.2511,0.6739,0,-0.0884,0.9598,-0.2664,0,0,1.6944,0,1]},{"frame":40,"values":[-0.721,0.1245,0.6816,0,0.6813,0.3069,0.6646,0,-0.1265,0.9436,-0.3061,0,0,1.6944,0,1]},{"frame":41,"values":[-0.7337,0.1825,0.6545,0,0.6744,0.3124,0.669,0,-0.0824,0.9322,-0.3523,0,0,1.6944,0,1]},{"frame":42,"values":[-0.7072,0.2625,0.6565,0,0.6992,0.122,0.7044,0,0.1048,0.9572,-0.2698,0,0,1.6944,0,1]},{"frame":43,"values":[-0.646,0.2478,0.722,0,0.7542,0.0616,0.6537,0,0.1175,0.9668,-0.2267,0,0,1.6944,0,1]},{"frame":44,"values":[-0.6391,0.2439,0.7294,0,0.7594,0.0503,0.6486,0,0.1215,0.9685,-0.2173,0,0,1.6944,0,1]},{"frame":45,"values":[-0.7,0.0654,0.7112,0,0.7137,0.0296,0.6998,0,0.0247,0.9974,-0.0673,0,0,1.6944,0,1]},{"frame":46,"values":[-0.724,-0.101,0.6824,0,0.6832,-0.2414,0.6892,0,0.0951,0.9652,0.2437,0,0,1.6944,0,1]},{"frame":47,"values":[-0.724,-0.101,0.6824,0,0.6832,-0.2414,0.6892,0,0.0951,0.9652,0.2437,0,0,1.6944,0,1]}],"loopBehavior":1,"name":"anim","property":"_matrix"}},
{"name":"abdomen","index":4,"matrix":[0.9997,-0.0222,-0.0125,0,-0.0101,-0.7963,0.6048,0,-0.0234,-0.6045,-0.7963,0,0,0,0,1],"parentBoneIndex":0,"animation":{"dataType":3,"framePerSecond":15,"keys":[{"frame":1,"values":[0.9997,-0.0222,-0.0125,0,-0.0101,-0.7963,0.6048,0,-0.0234,-0.6045,-0.7963,0,0,0,0,1]},{"frame":2,"values":[0.9995,-0.0319,-0.0054,0,-0.0221,-0.7937,0.6079,0,-0.0237,-0.6075,-0.794,0,0,0,0,1]},{"frame":3,"values":[0.9996,-0.0299,-0.0011,0,-0.0225,-0.7755,0.6309,0,-0.0197,-0.6306,-0.7758,0,0,0,0,1]},{"frame":4,"values":[0.9999,-0.0147,-0.0034,0,-0.0088,-0.7507,0.6606,0,-0.0122,-0.6605,-0.7507,0,0,0,0,1]},{"frame":5,"values":[1,-0.0065,-0.0065,0,-0.0004,-0.7434,0.6688,0,-0.0092,-0.6688,-0.7434,0,0,0,0,1]},{"frame":6,"values":[1,0.002,-0.0024,0,0.003,-0.7498,0.6616,0,-0.0005,-0.6616,-0.7498,0,0,0,0,1]},{"frame":7,"values":[0.9999,0.0139,0.0091,0,0.005,-0.776,0.6308,0,0.0158,-0.6306,-0.7759,0,0,0,0,1]},{"frame":8,"values":[0.9995,0.0303,0.01,0,0.018,-0.7937,0.6081,0,0.0264,-0.6076,-0.7938,0,0,0,0,1]},{"frame":9,"values":[0.9991,0.0412,0.007,0,0.0285,-0.7936,0.6078,0,0.0305,-0.6071,-0.794,0,0,0,0,1]},{"frame":10,"values":[0.9995,0.0313,0.0051,0,0.0211,-0.7755,0.6309,0,0.0237,-0.6305,-0.7758,0,0,0,0,1]},{"frame":11,"values":[0.9999,0.0147,0.0034,0,0.0088,-0.7534,0.6575,0,0.0122,-0.6574,-0.7535,0,0,0,0,1]},{"frame":12,"values":[1,-0.0005,0.0002,0,-0.0006,-0.7518,0.6594,0,-0.0002,-0.6594,-0.7518,0,0,0,0,1]},{"frame":13,"values":[1,-0.0088,-0.0042,0,-0.004,-0.7663,0.6425,0,-0.0089,-0.6424,-0.7663,0,0,0,0,1]},{"frame":14,"values":[0.9999,-0.0137,-0.0094,0,-0.005,-0.7891,0.6143,0,-0.0158,-0.6142,-0.789,0,0,0,0,1]},{"frame":15,"values":[0.9997,-0.0222,-0.0125,0,-0.0101,-0.7963,0.6048,0,-0.0234,-0.6045,-0.7963,0,0,0,0,1]},{"frame":16,"values":[0.9999,-0.0137,-0.0094,0,-0.005,-0.7891,0.6143,0,-0.0158,-0.6142,-0.789,0,0,0,0,1]},{"frame":17,"values":[1,-0.0088,-0.0042,0,-0.004,-0.7663,0.6425,0,-0.0089,-0.6424,-0.7663,0,0,0,0,1]},{"frame":18,"values":[1,-0.0005,0.0002,0,-0.0006,-0.7518,0.6594,0,-0.0002,-0.6594,-0.7518,0,0,0,0,1]},{"frame":19,"values":[0.9999,0.0147,0.0034,0,0.0088,-0.7534,0.6575,0,0.0122,-0.6574,-0.7535,0,0,0,0,1]},{"frame":20,"values":[0.9995,0.0313,0.0051,0,0.0211,-0.7755,0.6309,0,0.0237,-0.6305,-0.7758,0,0,0,0,1]},{"frame":21,"values":[0.9991,0.0412,0.007,0,0.0285,-0.7936,0.6078,0,0.0305,-0.6071,-0.794,0,0,0,0,1]},{"frame":22,"values":[0.9999,0.0139,0.0091,0,0.005,-0.776,0.6308,0,0.0158,-0.6306,-0.7759,0,0,0,0,1]},{"frame":23,"values":[1,0.002,-0.0024,0,0.003,-0.7498,0.6616,0,-0.0005,-0.6616,-0.7498,0,0,0,0,1]},{"frame":24,"values":[1,-0.0065,-0.0065,0,-0.0004,-0.7434,0.6688,0,-0.0092,-0.6688,-0.7434,0,0,0,0,1]},{"frame":25,"values":[0.9999,-0.0147,-0.0034,0,-0.0088,-0.7507,0.6606,0,-0.0122,-0.6605,-0.7507,0,0,0,0,1]},{"frame":26,"values":[0.9996,-0.0299,-0.0011,0,-0.0225,-0.7755,0.6309,0,-0.0197,-0.6306,-0.7758,0,0,0,0,1]},{"frame":27,"values":[0.9995,-0.0319,-0.0054,0,-0.0221,-0.7937,0.6079,0,-0.0237,-0.6075,-0.794,0,0,0,0,1]},{"frame":28,"values":[0.9997,-0.0222,-0.0125,0,-0.0101,-0.7963,0.6048,0,-0.0234,-0.6045,-0.7963,0,0,0,0,1]},{"frame":29,"values":[0.9999,-0.0137,-0.0094,0,-0.005,-0.7891,0.6143,0,-0.0158,-0.6142,-0.789,0,0,0,0,1]},{"frame":30,"values":[1,0,0,0,0,-0.8035,0.5954,0,0,-0.5954,-0.8035,0,0,0,0,1]},{"frame":32,"values":[0.9978,-0.0429,-0.05,0,-0.0066,-0.8206,0.5714,0,-0.0655,-0.5699,-0.8191,0,0,0,0,1]},{"frame":33,"values":[0.9913,-0.0841,-0.101,0,-0.0152,-0.8367,0.5474,0,-0.1305,-0.5411,-0.8307,0,0,0,0,1]},{"frame":34,"values":[0.9965,-0.0807,-0.0238,0,-0.056,-0.8468,0.5289,0,-0.0629,-0.5257,-0.8483,0,0,0,0,1]},{"frame":35,"values":[0.9989,-0.0331,0.0331,0,-0.0461,-0.8227,0.5666,0,0.0084,-0.5675,-0.8233,0,0,0,0,1]},{"frame":36,"values":[0.9956,0.0209,0.0918,0,-0.0378,-0.8042,0.5931,0,0.0863,-0.5939,-0.7999,0,0,0,0,1]},{"frame":37,"values":[0.9727,0.1173,0.2003,0,-0.0233,-0.8093,0.587,0,0.231,-0.5756,-0.7844,0,0,0,0,1]},{"frame":38,"values":[0.973,0.1131,0.201,0,-0.0281,-0.8069,0.59,0,0.2289,-0.5798,-0.7819,0,0,0,0,1]},{"frame":39,"values":[0.9771,0.091,0.1921,0,-0.0465,-0.7905,0.6107,0,0.2075,-0.6057,-0.7682,0,0,0,0,1]},{"frame":40,"values":[0.987,0.0924,0.1313,0,-0.0128,-0.7699,0.6381,0,0.16,-0.6315,-0.7587,0,0,0,0,1]},{"frame":41,"values":[0.9808,0.1872,0.0543,0,0.113,-0.7732,0.6241,0,0.1588,-0.606,-0.7795,0,0,0,0,1]},{"frame":42,"values":[0.9823,0.187,-0.0109,0,0.1611,-0.8136,0.5587,0,0.0956,-0.5506,-0.8293,0,0,0,0,1]},{"frame":43,"values":[0.988,0.082,-0.1307,0,0.1429,-0.8062,0.5741,0,-0.0583,-0.5859,-0.8083,0,0,0,0,1]},{"frame":44,"values":[0.9725,-0.0023,-0.2331,0,0.1386,-0.7981,0.5864,0,-0.1874,-0.6026,-0.7757,0,0,0,0,1]},{"frame":45,"values":[0.9532,-0.0739,-0.2932,0,0.1261,-0.7843,0.6074,0,-0.2749,-0.6159,-0.7383,0,0,0,0,1]},{"frame":46,"values":[0.9632,-0.0567,-0.2627,0,0.1103,-0.8081,0.5786,0,-0.2451,-0.5863,-0.7722,0,0,0,0,1]},{"frame":47,"values":[0.9632,-0.0567,-0.2627,0,0.1103,-0.8081,0.5786,0,-0.2451,-0.5863,-0.7722,0,0,0,0,1]}],"loopBehavior":1,"name":"anim","property":"_matrix"}},
{"name":"chest","index":5,"matrix":[0.9918,-0.0401,0.1211,0,-0.023,0.8772,0.4795,0,-0.1254,-0.4784,0.8691,0,0,0.526,0,1],"parentBoneIndex":4,"animation":{"dataType":3,"framePerSecond":15,"keys":[{"frame":1,"values":[0.9918,-0.0401,0.1211,0,-0.023,0.8772,0.4795,0,-0.1254,-0.4784,0.8691,0,0,0.526,0,1]},{"frame":2,"values":[0.9935,-0.0393,0.1071,0,-0.0179,0.8737,0.4861,0,-0.1127,-0.4848,0.8673,0,0,0.526,0,1]},{"frame":3,"values":[0.9975,-0.028,0.0651,0,-0.0086,0.8645,0.5026,0,-0.0704,-0.5019,0.8621,0,0,0.526,0,1]},{"frame":4,"values":[0.9999,-0.0095,-0.0091,0,0.0129,0.8426,0.5384,0,0.0026,-0.5384,0.8427,0,0,0.526,0,1]},{"frame":5,"values":[0.9983,0.0116,-0.0565,0,0.0217,0.8323,0.5539,0,0.0535,-0.5542,0.8306,0,0,0.526,0,1]},{"frame":6,"values":[0.995,0.0297,-0.0953,0,0.0265,0.8421,0.5386,0,0.0962,-0.5385,0.8371,0,0,0.526,0,1]},{"frame":7,"values":[0.9928,0.0352,-0.1141,0,0.0271,0.8641,0.5025,0,0.1163,-0.502,0.857,0,0,0.526,0,1]},{"frame":8,"values":[0.9918,0.0411,-0.1207,0,0.023,0.8732,0.4869,0,0.1254,-0.4857,0.8651,0,0,0.526,0,1]},{"frame":9,"values":[0.9935,0.0397,-0.107,0,0.0179,0.8717,0.4898,0,0.1127,-0.4885,0.8653,0,0,0.526,0,1]},{"frame":10,"values":[0.9975,0.028,-0.0651,0,0.0086,0.8645,0.5026,0,0.0704,-0.5019,0.8621,0,0,0.526,0,1]},{"frame":11,"values":[0.9999,0.0077,0.0127,0,-0.0133,0.8516,0.5241,0,-0.0068,-0.5242,0.8516,0,0,0.526,0,1]},{"frame":12,"values":[0.9983,-0.0109,0.0567,0,-0.0217,0.8392,0.5434,0,-0.0535,-0.5437,0.8376,0,0,0.526,0,1]},{"frame":13,"values":[0.995,-0.0281,0.0958,0,-0.0265,0.8511,0.5244,0,-0.0962,-0.5243,0.8461,0,0,0.526,0,1]},{"frame":14,"values":[0.9928,-0.0338,0.1145,0,-0.0271,0.8704,0.4916,0,-0.1163,-0.4912,0.8633,0,0,0.526,0,1]},{"frame":15,"values":[0.9918,-0.0401,0.1211,0,-0.023,0.8772,0.4795,0,-0.1254,-0.4784,0.8691,0,0,0.526,0,1]},{"frame":16,"values":[0.9928,-0.0338,0.1145,0,-0.0271,0.8704,0.4916,0,-0.1163,-0.4912,0.8633,0,0,0.526,0,1]},{"frame":17,"values":[0.995,-0.0281,0.0958,0,-0.0265,0.8511,0.5244,0,-0.0962,-0.5243,0.8461,0,0,0.526,0,1]},{"frame":18,"values":[0.9983,-0.0109,0.0567,0,-0.0217,0.8392,0.5434,0,-0.0535,-0.5437,0.8376,0,0,0.526,0,1]},{"frame":19,"values":[0.9999,0.0077,0.0127,0,-0.0133,0.8516,0.5241,0,-0.0068,-0.5242,0.8516,0,0,0.526,0,1]},{"frame":20,"values":[0.9975,0.028,-0.0651,0,0.0086,0.8645,0.5026,0,0.0704,-0.5019,0.8621,0,0,0.526,0,1]},{"frame":21,"values":[0.9935,0.0397,-0.107,0,0.0179,0.8717,0.4898,0,0.1127,-0.4885,0.8653,0,0,0.526,0,1]},{"frame":22,"values":[0.9928,0.0352,-0.1141,0,0.0271,0.8641,0.5025,0,0.1163,-0.502,0.857,0,0,0.526,0,1]},{"frame":23,"values":[0.995,0.0297,-0.0953,0,0.0265,0.8421,0.5386,0,0.0962,-0.5385,0.8371,0,0,0.526,0,1]},{"frame":24,"values":[0.9983,0.0116,-0.0565,0,0.0217,0.8323,0.5539,0,0.0535,-0.5542,0.8306,0,0,0.526,0,1]},{"frame":25,"values":[0.9999,-0.0095,-0.0091,0,0.0129,0.8426,0.5384,0,0.0026,-0.5384,0.8427,0,0,0.526,0,1]},{"frame":26,"values":[0.9975,-0.028,0.0651,0,-0.0086,0.8645,0.5026,0,-0.0704,-0.5019,0.8621,0,0,0.526,0,1]},{"frame":27,"values":[0.9935,-0.0393,0.1071,0,-0.0179,0.8737,0.4861,0,-0.1127,-0.4848,0.8673,0,0,0.526,0,1]},{"frame":28,"values":[0.9918,-0.0401,0.1211,0,-0.023,0.8772,0.4795,0,-0.1254,-0.4784,0.8691,0,0,0.526,0,1]},{"frame":29,"values":[0.9928,-0.0338,0.1145,0,-0.0271,0.8704,0.4916,0,-0.1163,-0.4912,0.8633,0,0,0.526,0,1]},{"frame":30,"values":[1,0,0,0,0,0.8992,0.4376,0,0,-0.4376,0.8992,0,0,0.526,0,1]},{"frame":32,"values":[0.9969,0.0373,0.0688,0,-0.0649,0.8849,0.4612,0,-0.0437,-0.4643,0.8846,0,0,0.526,0,1]},{"frame":33,"values":[0.9877,0.0724,0.1382,0,-0.1307,0.8675,0.4799,0,-0.0852,-0.4921,0.8664,0,0,0.526,0,1]},{"frame":34,"values":[0.9802,0.1789,0.0847,0,-0.1979,0.8758,0.4402,0,0.0046,-0.4483,0.8939,0,0,0.526,0,1]},{"frame":35,"values":[0.986,0.1666,-0.0097,0,-0.1487,0.9033,0.4023,0,0.0758,-0.3952,0.9155,0,0,0.526,0,1]},{"frame":36,"values":[0.9894,0.1167,-0.0861,0,-0.0719,0.9103,0.4076,0,0.1259,-0.3971,0.9091,0,0,0.526,0,1]},{"frame":37,"values":[0.979,0.1404,-0.1476,0,-0.0706,0.9136,0.4004,0,0.1911,-0.3816,0.9044,0,0,0.526,0,1]},{"frame":38,"values":[0.9723,0.138,-0.1888,0,-0.0498,0.9111,0.4093,0,0.2285,-0.3885,0.8927,0,0,0.526,0,1]},{"frame":39,"values":[0.9818,0.0875,-0.1688,0,-0.0068,0.9034,0.4288,0,0.19,-0.4198,0.8875,0,0,0.526,0,1]},{"frame":40,"values":[0.984,0.0684,-0.1646,0,0.0144,0.8899,0.4559,0,0.1777,-0.451,0.8747,0,0,0.526,0,1]},{"frame":41,"values":[0.9976,0.044,-0.0538,0,-0.0149,0.8917,0.4524,0,0.0679,-0.4505,0.8902,0,0,0.526,0,1]},{"frame":42,"values":[0.9876,-0.0188,0.1556,0,-0.0612,0.8677,0.4933,0,-0.1443,-0.4968,0.8558,0,0,0.526,0,1]},{"frame":43,"values":[0.9714,-0.0226,0.2365,0,-0.0997,0.8647,0.4923,0,-0.2156,-0.5018,0.8377,0,0,0.526,0,1]},{"frame":44,"values":[0.9783,-0.0185,0.2063,0,-0.089,0.862,0.4991,0,-0.1871,-0.5066,0.8416,0,0,0.526,0,1]},{"frame":45,"values":[0.9802,-0.0357,0.1946,0,-0.0693,0.8592,0.5069,0,-0.1853,-0.5103,0.8398,0,0,0.526,0,1]},{"frame":46,"values":[0.9828,-0.0404,0.18,0,-0.0571,0.8611,0.5053,0,-0.1754,-0.5069,0.844,0,0,0.526,0,1]},{"frame":47,"values":[0.9828,-0.0404,0.18,0,-0.0571,0.8611,0.5053,0,-0.1754,-0.5069,0.844,0,0,0.526,0,1]}],"loopBehavior":1,"name":"anim","property":"_matrix"}},
{"name":"neckDummy","index":6,"matrix":[1,0,0,0,0,0.9652,-0.2616,0,0,0.2616,0.9652,0,0,0.8198,0,1],"parentBoneIndex":5,"animation":{"dataType":3,"framePerSecond":15,"keys":[{"frame":1,"values":[1,0,0,0,0,0.9652,-0.2616,0,0,0.2616,0.9652,0,0,0.8198,0,1]},{"frame":2,"values":[1,0,0,0,0,0.9652,-0.2616,0,0,0.2616,0.9652,0,0,0.8198,0,1]},{"frame":3,"values":[1,0,0,0,0,0.9652,-0.2616,0,0,0.2616,0.9652,0,0,0.8198,0,1]},{"frame":4,"values":[1,0,0,0,0,0.9652,-0.2616,0,0,0.2616,0.9652,0,0,0.8198,0,1]},{"frame":5,"values":[1,0,0,0,0,0.9652,-0.2616,0,0,0.2616,0.9652,0,0,0.8198,0,1]},{"frame":6,"values":[1,0,0,0,0,0.9652,-0.2616,0,0,0.2616,0.9652,0,0,0.8198,0,1]},{"frame":7,"values":[1,0,0,0,0,0.9652,-0.2616,0,0,0.2616,0.9652,0,0,0.8198,0,1]},{"frame":8,"values":[1,0,0,0,0,0.9652,-0.2616,0,0,0.2616,0.9652,0,0,0.8198,0,1]},{"frame":9,"values":[1,0,0,0,0,0.9652,-0.2616,0,0,0.2616,0.9652,0,0,0.8198,0,1]},{"frame":10,"values":[1,0,0,0,0,0.9652,-0.2616,0,0,0.2616,0.9652,0,0,0.8198,0,1]},{"frame":11,"values":[1,0,0,0,0,0.9652,-0.2616,0,0,0.2616,0.9652,0,0,0.8198,0,1]},{"frame":12,"values":[1,0,0,0,0,0.9652,-0.2616,0,0,0.2616,0.9652,0,0,0.8198,0,1]},{"frame":13,"values":[1,0,0,0,0,0.9652,-0.2616,0,0,0.2616,0.9652,0,0,0.8198,0,1]},{"frame":14,"values":[1,0,0,0,0,0.9652,-0.2616,0,0,0.2616,0.9652,0,0,0.8198,0,1]},{"frame":15,"values":[1,0,0,0,0,0.9652,-0.2616,0,0,0.2616,0.9652,0,0,0.8198,0,1]},{"frame":16,"values":[1,0,0,0,0,0.9652,-0.2616,0,0,0.2616,0.9652,0,0,0.8198,0,1]},{"frame":17,"values":[1,0,0,0,0,0.9652,-0.2616,0,0,0.2616,0.9652,0,0,0.8198,0,1]},{"frame":18,"values":[1,0,0,0,0,0.9652,-0.2616,0,0,0.2616,0.9652,0,0,0.8198,0,1]},{"frame":19,"values":[1,0,0,0,0,0.9652,-0.2616,0,0,0.2616,0.9652,0,0,0.8198,0,1]},{"frame":20,"values":[1,0,0,0,0,0.9652,-0.2616,0,0,0.2616,0.9652,0,0,0.8198,0,1]},{"frame":21,"values":[1,0,0,0,0,0.9652,-0.2616,0,0,0.2616,0.9652,0,0,0.8198,0,1]},{"frame":22,"values":[1,0,0,0,0,0.9652,-0.2616,0,0,0.2616,0.9652,0,0,0.8198,0,1]},{"frame":23,"values":[1,0,0,0,0,0.9652,-0.2616,0,0,0.2616,0.9652,0,0,0.8198,0,1]},{"frame":24,"values":[1,0,0,0,0,0.9652,-0.2616,0,0,0.2616,0.9652,0,0,0.8198,0,1]},{"frame":25,"values":[1,0,0,0,0,0.9652,-0.2616,0,0,0.2616,0.9652,0,0,0.8198,0,1]},{"frame":26,"values":[1,0,0,0,0,0.9652,-0.2616,0,0,0.2616,0.9652,0,0,0.8198,0,1]},{"frame":27,"values":[1,0,0,0,0,0.9652,-0.2616,0,0,0.2616,0.9652,0,0,0.8198,0,1]},{"frame":28,"values":[1,0,0,0,0,0.9652,-0.2616,0,0,0.2616,0.9652,0,0,0.8198,0,1]},{"frame":29,"values":[1,0,0,0,0,0.9652,-0.2616,0,0,0.2616,0.9652,0,0,0.8198,0,1]},{"frame":30,"values":[1,0,0,0,0,0.9652,-0.2616,0,0,0.2616,0.9652,0,0,0.8198,0,1]},{"frame":32,"values":[1,0,0,0,0,0.9652,-0.2616,0,0,0.2616,0.9652,0,0,0.8198,0,1]},{"frame":33,"values":[1,0,0,0,0,0.9652,-0.2616,0,0,0.2616,0.9652,0,0,0.8198,0,1]},{"frame":34,"values":[1,0,0,0,0,0.9652,-0.2616,0,0,0.2616,0.9652,0,0,0.8198,0,1]},{"frame":35,"values":[1,0,0,0,0,0.9652,-0.2616,0,0,0.2616,0.9652,0,0,0.8198,0,1]},{"frame":36,"values":[1,0,0,0,0,0.9652,-0.2616,0,0,0.2616,0.9652,0,0,0.8198,0,1]},{"frame":37,"values":[1,0,0,0,0,0.9652,-0.2616,0,0,0.2616,0.9652,0,0,0.8198,0,1]},{"frame":38,"values":[1,0,0,0,0,0.9652,-0.2616,0,0,0.2616,0.9652,0,0,0.8198,0,1]},{"frame":39,"values":[1,0,0,0,0,0.9652,-0.2616,0,0,0.2616,0.9652,0,0,0.8198,0,1]},{"frame":40,"values":[1,0,0,0,0,0.9652,-0.2616,0,0,0.2616,0.9652,0,0,0.8198,0,1]},{"frame":41,"values":[1,0,0,0,0,0.9652,-0.2616,0,0,0.2616,0.9652,0,0,0.8198,0,1]},{"frame":42,"values":[1,0,0,0,0,0.9652,-0.2616,0,0,0.2616,0.9652,0,0,0.8198,0,1]},{"frame":43,"values":[1,0,0,0,0,0.9652,-0.2616,0,0,0.2616,0.9652,0,0,0.8198,0,1]},{"frame":44,"values":[1,0,0,0,0,0.9652,-0.2616,0,0,0.2616,0.9652,0,0,0.8198,0,1]},{"frame":45,"values":[1,0,0,0,0,0.9652,-0.2616,0,0,0.2616,0.9652,0,0,0.8198,0,1]},{"frame":46,"values":[1,0,0,0,0,0.9652,-0.2616,0,0,0.2616,0.9652,0,0,0.8198,0,1]},{"frame":47,"values":[1,0,0,0,0,0.9652,-0.2616,0,0,0.2616,0.9652,0,0,0.8198,0,1]}],"loopBehavior":1,"name":"anim","property":"_matrix"}},
